# Created by Octave 3.4.3, Sat Aug 03 11:16:11 2013 EDT <root@centos6>
# name: C
# type: matrix
# rows: 3
# columns: 3
 1 2 3
 4 5 6
 7 8 9


